radix	1	1	1
vname	vA	vB	vCin
io		i	i	i

tunit	ns
slope	0.1
tdelay	0.1
vih	1.0
vil	0.0

0		0	0	0	
5		0	0	0	
10		0	0	0	
15		0	0	1	
20		0	0	0	
25		0	1	0	
30		0	0	0	
35		0	1	1	
40		0	0	0	
45		1	0	0	
50		0	0	0	
55		1	0	1	
60		0	0	0	
65		1	1	0	
70		0	0	0	
75		1	1	1	
80		0	0	1	
85		0	0	0	
90		0	0	1	
95		0	0	1	
100		0	0	1	
105		0	1	0	
110		0	0	1	
115		0	1	1	
120		0	0	1	
125		1	0	0	
130		0	0	1	
135		1	0	1	
140		0	0	1	
145		1	1	0	
150		0	0	1	
155		1	1	1	
160		0	1	0	
165		0	0	0	
170		0	1	0	
175		0	0	1	
180		0	1	0	
185		0	1	0	
190		0	1	0	
195		0	1	1	
200		0	1	0	
205		1	0	0	
210		0	1	0	
215		1	0	1	
220		0	1	0	
225		1	1	0	
230		0	1	0	
235		1	1	1	
240		0	1	1	
245		0	0	0	
250		0	1	1	
255		0	0	1	
260		0	1	1	
265		0	1	0	
270		0	1	1	
275		0	1	1	
280		0	1	1	
285		1	0	0	
290		0	1	1	
295		1	0	1	
300		0	1	1	
305		1	1	0	
310		0	1	1	
315		1	1	1	
320		1	0	0	
325		0	0	0	
330		1	0	0	
335		0	0	1	
340		1	0	0	
345		0	1	0	
350		1	0	0	
355		0	1	1	
360		1	0	0	
365		1	0	0	
370		1	0	0	
375		1	0	1	
380		1	0	0	
385		1	1	0	
390		1	0	0	
395		1	1	1	
400		1	0	1	
405		0	0	0	
410		1	0	1	
415		0	0	1	
420		1	0	1	
425		0	1	0	
430		1	0	1	
435		0	1	1	
440		1	0	1	
445		1	0	0	
450		1	0	1	
455		1	0	1	
460		1	0	1	
465		1	1	0	
470		1	0	1	
475		1	1	1	
480		1	1	0	
485		0	0	0	
490		1	1	0	
495		0	0	1	
500		1	1	0	
505		0	1	0	
510		1	1	0	
515		0	1	1	
520		1	1	0	
525		1	0	0	
530		1	1	0	
535		1	0	1	
540		1	1	0	
545		1	1	0	
550		1	1	0	
555		1	1	1	
560		1	1	1	
565		0	0	0	
570		1	1	1	
575		0	0	1	
580		1	1	1	
585		0	1	0	
590		1	1	1	
595		0	1	1	
600		1	1	1	
605		1	0	0	
610		1	1	1	
615		1	0	1	
620		1	1	1	
625		1	1	0	
630		1	1	1	
635		1	1	1	
