6 14 13 10 10 14 3 4 0 6 7 9 11 12 6 3 2 1 5 8 7 13 1 8 7 12 13 10 10 9 7 7
1 11 1 6 6 9 12 13 11 1 4 6 10 10 6 14 4 1 3 15 3 3 15 15 0 4 8 10 6 5 2 1
15 14 15 13 1 10 9 0 14 4 5 9 11 8 1 12 14 15 2 3 5 12 5 8 0 14 7 0 14 9 7 11
11 2 1 5 3 11 7 11 11 10 0 15 0 10 9 13 12 7 4 0 5 4 10 13 15 1 15 15 10 4 5 11
2 9 4 0 6 8 8 10 15 10 14 9 0 1 6 2 1 14 0 2 12 9 4 11 11 14 10 0 4 3 4 11
15 5 14 6 8 8 15 0 1 9 15 6 13 13 12 8 9 9 3 9 3 15 14 10 8 9 12 11 9 7 1 13
8 4 10 12 8 12 1 9 4 14 8 9 2 2 15 15 14 4 9 11 15 15 7 11 10 8 12 11 3 6 3 7
15 4 6 5 5 6 12 8 15 7 7 12 7 4 13 9 13 7 11 11 14 6 11 1 4 0 15 8 12 1 6 9
2 15 9 3 13 15 10 9 12 9 11 13 2 4 0 15 13 6 5 5 5 0 12 4 13 12 11 2 0 5 7 8
7 0 12 4 4 6 9 0 1 5 3 2 11 5 7 4 14 3 9 7 11 12 0 7 2 9 7 15 14 11 13 15
14 0 8 6 9 1 6 4 6 15 15 3 15 10 11 5 14 10 15 8 11 13 7 1 7 12 3 6 9 3 1 13
15 7 9 8 11 1 13 13 12 0 9 11 8 15 2 6 9 8 3 12 1 8 15 0 13 6 15 4 0 15 2 8
2 13 0 0 4 9 11 13 3 0 13 7 13 14 14 13 1 10 5 2 15 11 2 6 12 6 12 6 12 6 0 5
11 13 14 5 7 13 4 8 2 0 4 11 0 6 7 2 13 8 3 11 6 4 7 5 5 1 7 2 13 0 11 15
2 0 2 6 10 6 4 6 12 0 1 6 13 6 4 0 1 0 3 15 7 9 13 1 6 15 7 11 1 10 11 14
15 3 11 8 10 2 14 1 2 7 2 13 12 5 3 4 0 15 14 15 0 15 13 1 7 3 9 9 14 15 0 6
14 15 1 6 14 13 7 3 2 9 1 9 15 0 6 12 15 1 3 9 8 12 9 2 2 4 14 8 15 10 4 5
3 9 8 15 0 3 12 2 6 6 8 2 3 4 10 5 10 8 14 15 13 1 13 3 2 2 2 9 8 0 14 5
13 4 6 13 6 7 14 5 8 2 15 1 15 14 14 12 5 2 13 0 5 12 15 4 9 5 6 6 15 14 4 2
12 1 2 7 0 13 8 2 3 5 12 0 0 13 2 12 11 15 11 15 14 9 3 15 11 3 10 6 11 4 13 13
9 3 2 2 5 5 6 6 10 6 13 3 12 7 14 15 13 9 13 11 12 4 4 6 3 2 10 4 15 14 4 2
1 13 3 0 12 6 13 5 7 8 5 8 14 9 9 13 5 13 13 2 0 9 11 14 10 10 9 9 8 8 1 15
1 15 11 2 7 3 14 6 2 14 6 8 1 5 3 9 14 15 8 7 2 14 2 15 11 1 1 8 4 4 11 0
15 8 6 12 11 13 4 6 13 11 7 2 1 7 3 13 0 13 14 10 0 12 12 7 15 3 6 15 0 13 15 15
12 6 12 13 15 12 14 3 11 2 11 2 10 15 1 4 1 13 14 0 10 4 15 7 4 15 15 12 3 1 14 2
3 2 1 7 5 0 4 15 1 3 2 1 2 1 2 11 14 13 1 11 13 6 4 11 13 13 10 15 7 0 12 7
7 9 8 6 4 11 13 7 9 1 5 13 5 14 4 6 7 2 0 1 10 1 11 2 1 2 14 9 14 13 5 8
7 5 3 13 6 12 8 9 10 0 2 3 9 9 4 11 11 8 9 11 14 15 10 2 2 0 13 3 13 0 3 2
2 11 2 1 2 8 13 1 8 15 8 2 4 7 9 6 7 10 11 15 5 1 6 1 8 1 11 14 9 6 11 2
13 12 11 14 1 10 7 3 12 6 12 5 10 10 6 4 10 5 9 4 0 12 2 13 3 14 10 6 5 12 4 9
4 3 4 7 13 11 10 12 15 8 7 13 3 7 3 15 3 4 1 12 7 8 12 0 5 12 1 12 6 10 12 8
3 8 9 8 3 0 8 0 7 0 15 12 1 5 0 1 3 5 13 5 2 4 7 0 15 2 1 4 13 15 5 6
10 8 1 11 0 0 8 10 5 2 3 6 8 12 10 7 7 9 10 7 15 3 1 5 6 9 11 6 5 7 4 14
0 6 4 4 15 9 10 6 9 7 4 7 15 2 8 8 10 14 12 2 3 9 9 14 8 12 10 15 8 0 9 11
15 1 3 14 15 3 5 9 6 9 8 5 11 14 1 9 1 12 2 4 3 1 11 7 13 10 0 1 11 11 10 6
12 0 0 2 14 8 2 5 10 5 11 7 2 0 2 14 10 5 6 4 3 3 9 9 2 15 4 0 6 3 14 3
4 3 3 5 1 11 12 1 4 0 14 12 8 0 8 1 5 4 9 7 10 10 15 1 14 2 10 8 1 3 6 7
15 9 1 11 3 6 15 13 12 7 2 5 12 15 13 1 8 11 3 10 7 5 15 7 6 13 7 3 11 10 3 4
11 14 12 12 2 6 12 6 11 13 5 5 12 6 11 0 13 1 3 8 6 8 7 5 0 3 13 12 6 14 15 8
0 9 2 6 0 6 1 11 2 9 14 6 11 13 3 7 4 4 0 2 5 0 7 14 12 0 15 3 12 4 4 1
3 2 15 11 6 10 0 15 14 4 8 2 12 3 6 1 2 0 0 1 4 1 15 11 7 11 2 9 14 1 9 15
8 0 0 5 14 15 3 3 11 3 13 13 12 10 14 13 14 2 12 4 4 12 9 2 9 7 8 8 15 10 11 12
2 12 13 1 2 10 7 14 8 1 15 1 4 3 12 6 11 3 5 3 13 15 6 7 11 6 5 8 7 14 0 9
12 3 12 11 4 7 10 1 3 13 9 14 11 3 15 4 15 13 11 15 2 7 9 13 5 10 14 7 9 13 11 1
4 4 9 8 7 4 15 4 5 3 14 5 3 1 12 6 14 8 3 12 6 13 9 3 1 0 6 14 0 13 5 6
10 5 3 12 3 0 5 14 4 0 3 15 3 6 12 1 12 15 13 15 9 7 5 13 2 13 3 11 3 6 4 13
5 9 2 2 13 7 6 5 13 9 11 10 1 5 3 11 1 5 4 8 15 15 8 7 5 13 12 12 8 2 1 1
8 6 8 7 6 7 13 8 11 12 2 12 7 8 1 12 11 10 2 5 3 13 12 5 13 14 13 0 2 14 6 11
13 13 1 9 5 15 8 0 10 10 8 5 12 2 1 6 14 0 1 9 7 5 2 10 3 0 8 3 14 14 2 11
7 6 13 7 10 6 4 7 14 14 8 8 2 0 5 7 12 6 1 2 12 0 1 7 13 1 14 15 5 1 2 2
2 12 4 9 5 10 12 10 5 13 13 7 0 13 0 15 6 8 10 12 0 3 2 1 8 8 5 11 15 14 0 15
