6 20 24 0 20 24 30 14 0 4 4 10 31 24 6 3 11 20 30 28 11 25 17 15 7 20 27 21 10 29 11 27
29 28 24 19 4 16 23 6 14 16 14 27 4 8 18 15 16 23 21 11 3 3 28 3 15 22 31 4 25 7 23 31
19 29 11 11 12 18 8 12 7 18 24 11 18 2 21 30 17 5 1 22 17 8 8 31 2 15 17 10 22 29 2 31
1 22 2 26 21 26 20 9 11 13 2 30 0 10 4 7 10 10 24 28 18 21 10 17 9 13 6 9 22 31 11 8
17 17 19 21 7 26 21 17 12 15 24 25 30 30 3 17 9 19 10 1 18 0 20 2 24 31 16 14 30 24 22 15
13 13 8 31 13 29 10 20 20 15 30 27 0 24 5 13 30 3 1 10 15 31 27 17 11 3 15 8 18 16 23 11
3 7 29 11 2 12 6 7 6 11 16 22 9 6 30 14 25 2 21 19 15 11 2 30 29 13 0 10 12 24 6 15
9 26 14 17 15 10 9 21 18 2 4 10 0 27 3 1 19 31 14 18 30 13 13 9 4 8 9 18 8 11 11 26
28 7 14 29 24 21 23 2 1 17 27 26 23 10 15 26 11 5 20 12 16 6 0 3 30 16 29 5 10 4 16 0
8 28 19 29 1 17 25 12 12 18 29 29 23 7 28 8 27 4 13 23 9 29 27 15 7 12 26 1 8 22 0 14
7 9 16 0 14 20 31 6 21 16 7 1 19 9 21 23 7 23 7 20 9 5 19 13 14 2 29 28 20 16 22 12
5 23 6 20 14 2 10 8 15 5 26 3 22 14 1 31 28 8 23 2 20 30 28 17 2 23 7 10 0 4 24 18
20 29 15 17 26 1 18 10 23 28 12 16 26 0 20 15 19 16 6 5 30 5 29 12 15 15 23 30 21 21 21 26
5 23 31 21 14 14 0 26 0 26 31 28 25 12 30 10 24 29 0 27 7 9 22 4 11 29 28 8 19 29 0 9
14 25 2 12 22 23 27 31 7 11 21 28 11 14 20 15 21 12 18 29 13 8 10 25 23 10 3 24 14 26 21 15
3 21 1 21 25 7 23 18 1 9 20 12 3 11 23 17 31 20 2 12 31 14 3 10 4 7 3 20 24 4 19 6
18 28 21 31 31 8 4 25 11 15 15 3 6 25 25 0 23 18 13 17 30 15 24 1 16 28 13 8 31 22 14 22
1 9 15 8 30 3 23 8 3 9 2 29 23 15 21 2 0 10 31 29 2 8 5 16 17 22 14 21 5 20 18 29
9 13 31 17 10 22 29 9 4 28 1 22 13 27 8 19 3 2 4 0 30 10 28 6 27 2 15 22 3 4 23 18
24 13 0 4 29 8 9 5 17 27 19 2 9 0 14 15 2 26 11 4 30 18 16 13 26 22 21 6 3 7 15 0
4 1 0 5 24 22 23 6 19 18 9 22 13 9 25 26 22 0 5 16 30 22 13 6 20 24 10 19 13 6 29 13
17 16 14 18 1 13 18 11 15 15 7 11 10 21 1 18 26 29 21 23 15 4 1 19 13 8 13 20 15 29 27 11
13 24 26 4 3 4 15 21 29 17 9 16 15 17 31 14 25 6 24 27 19 2 20 24 10 3 0 10 26 9 6 20
24 26 22 29 17 25 24 20 15 28 17 20 2 14 12 18 6 30 6 26 23 30 16 31 1 16 2 27 11 21 30 7
7 15 20 21 22 24 19 26 15 31 12 26 11 7 13 5 24 19 11 0 3 2 31 15 31 9 14 4 11 0 16 31
17 0 28 15 9 23 26 12 4 3 9 19 28 28 19 22 8 24 11 3 15 30 9 1 13 1 3 3 13 19 22 26
16 13 31 30 10 7 10 11 3 17 20 17 26 28 19 3 6 28 29 2 8 0 29 16 22 0 11 13 3 18 4 26
11 7 27 1 22 8 21 21 26 2 10 17 20 8 20 18 6 8 27 24 22 9 12 15 12 25 12 30 29 22 19 27
2 22 18 18 18 3 21 25 12 8 13 4 30 23 22 27 20 0 12 15 26 20 12 2 18 17 17 22 8 1 8 15
26 25 11 23 0 26 31 10 24 15 27 10 20 6 28 24 10 26 4 10 8 28 12 19 31 8 1 1 4 1 4 19
6 28 15 30 1 18 4 13 14 20 22 0 19 4 19 23 8 18 16 12 22 17 5 7 28 3 19 16 15 17 1 3
9 15 17 31 9 20 8 3 3 16 12 3 26 25 13 30 25 17 31 0 23 19 27 15 24 6 24 13 2 30 5 23
19 23 8 11 4 3 16 27 18 30 22 29 7 20 20 2 12 5 10 14 25 31 3 31 31 3 1 9 14 12 19 23
0 14 6 19 22 31 31 14 31 0 2 12 26 8 2 0 20 31 6 10 6 23 31 30 2 5 4 2 1 13 9 31
21 9 25 2 25 5 5 18 26 22 13 1 15 0 14 4 17 17 10 6 20 1 28 11 14 29 28 26 23 4 9 17
16 9 4 6 1 6 29 25 21 25 10 22 28 30 15 27 20 4 17 3 21 17 1 21 29 16 31 5 5 25 19 11
29 15 18 8 13 9 14 3 0 27 31 7 11 30 19 12 2 15 23 12 1 4 20 16 6 22 13 6 5 5 13 28
20 30 20 9 25 12 1 0 1 15 3 5 2 13 15 25 11 18 9 10 12 15 18 18 5 11 11 8 9 10 17 9
4 10 5 22 26 25 17 6 7 23 2 12 14 29 4 19 27 29 16 4 1 18 19 10 8 26 4 20 30 0 4 26
30 16 25 1 13 13 12 24 29 9 20 22 17 8 14 28 5 12 28 14 4 14 24 14 7 10 3 29 6 18 31 31
31 27 2 7 1 5 30 4 22 4 4 19 27 27 19 1 28 28 8 11 6 16 24 28 0 22 17 1 7 14 1 20
1 8 29 16 30 28 21 19 24 3 6 11 15 19 18 29 5 21 29 15 27 9 3 22 15 28 30 20 22 22 15 1
5 30 30 23 1 12 14 26 29 1 16 9 21 0 3 24 29 4 3 29 19 30 31 3 25 13 18 16 19 19 15 31
12 28 2 21 20 10 27 16 23 16 8 11 23 25 19 13 27 5 17 8 24 19 4 22 27 14 8 29 3 23 17 9
6 14 5 14 0 24 20 2 27 8 29 7 20 21 11 7 27 29 21 4 30 13 26 20 9 25 26 18 17 11 21 17
26 12 13 11 10 22 21 23 5 2 11 16 2 28 16 7 27 28 7 2 11 2 20 6 15 20 27 12 7 0 9 0
29 8 5 20 27 10 26 0 23 20 16 12 22 20 18 20 17 0 26 21 19 31 31 11 28 22 12 5 0 27 12 21
2 27 17 1 8 4 16 29 3 10 24 21 17 29 9 7 7 3 6 5 7 28 18 10 27 26 2 1 13 22 10 17
20 2 23 6 19 19 25 16 23 20 15 22 0 0 9 31 28 8 9 9 13 17 9 10 18 15 4 29 26 15 30 0
1 3 14 28 23 8 10 16 31 29 16 14 31 20 15 5 19 7 6 12 20 20 24 7 24 0 15 2 4 18 28 8
13 11 18 30 7 26 31 14 5 31 12 21 5 25 19 17 0 8 28 23 10 4 3 4 13 5 4 10 0 6 13 23
