RADIX 1111 1111 1111 1111 1111 1111 1111 1111
VNAME IFM_0[3] IFM_0[2] IFM_0[1] IFM_0[0] IFM_1[3] IFM_1[2] IFM_1[1] IFM_1[0] IFM_2[3] IFM_2[2] IFM_2[1] IFM_2[0] IFM_3[3] IFM_3[2] IFM_3[1] IFM_3[0] INW_0[3] INW_0[2] INW_0[1] INW_0[0] INW_1[3] INW_1[2] INW_1[1] INW_1[0] INW_2[3] INW_2[2] INW_2[1] INW_2[0] INW_3[3] INW_3[2] INW_3[1] INW_3[0]
IO IIII IIII IIII IIII IIII IIII IIII IIII  

tunit ns
 
vih 0.7
vil 0
1 0000 0000 0000 0000 0011 1011 0011 0100
2 1111 1111 1111 1111 0011 1011 0011 0000
3 0000 0000 0000 0000 0011 1011 0011 0101
4 1111 1111 1111 1111 0011 1011 0011 0001
5 0000 0000 0000 0000 0011 1011 0011 0110
6 1111 1111 1111 1111 0011 1011 0011 0010
7 0000 0000 0000 0000 0011 1011 0011 0111
8 1111 1111 1111 1111 0011 1011 0011 0011
9 0000 0000 0000 0000 0011 1011 0011 1100
10 1111 1111 1111 1111 0011 1011 0011 1000
11 0000 0000 0000 0000 0011 1011 0011 1101
12 1111 1111 1111 1111 0011 1011 0011 1001
13 0000 0000 0000 0000 0011 1011 0011 1110
14 1111 1111 1111 1111 0011 1011 0011 1010
15 0000 0000 0000 0000 0011 1011 0011 1111
16 1111 1111 1111 1111 0011 1011 0011 1011
17 0010 0010 0010 0100 0011 1011 0011 0100
18 1111 1101 1101 1101 0011 1011 0011 0000
19 0010 0010 0010 0100 0011 1011 0011 0101
20 1111 1101 1101 1101 0011 1011 0011 0001
21 0010 0010 0010 0100 0011 1011 0011 0110
22 1111 1101 1101 1101 0011 1011 0011 0010
23 0010 0010 0010 0100 0011 1011 0011 0111
24 1111 1101 1101 1101 0011 1011 0011 0011
25 0010 0010 0010 0100 0011 1011 0011 1100
26 1111 1101 1101 1101 0011 1011 0011 1000
27 0010 0010 0010 0100 0011 1011 0011 1101
28 1111 1101 1101 1101 0011 1011 0011 1001
29 0010 0010 0010 0100 0011 1011 0011 1110
30 1111 1101 1101 1101 0011 1011 0011 1010
31 0010 0010 0010 0100 0011 1011 0011 1111
32 1111 1101 1101 1101 0011 1011 0011 1011
33 1111 1111 1111 1111 1111 1111 1111 1111
